
('INC', 0, 3)
1 1 3 0 [0, 0, 0]
('INC', 0, 2)
2 1 5 0 [0, 0, 0, 0, 0]
('JMP', 0, 32)
32 1 5 0 [0, 0, 0, 0, 0]
('SIO_IN', 0, 2)
33 1 5 0 [0, 0, 0, 0, 0]
('STO', 0, 4)
34 1 5 0 [0, 0, 0, 0, 2]
('CAL', 0, 3)
3 6 5 1 [0, 0, 0, 0, 2]
('INC', 0, 3)
4 6 8 1 [0, 0, 0, 0, 2, 1, 1, 35]
('INC', 0, 1)
5 6 9 1 [0, 0, 0, 0, 2, 1, 1, 35, 0]
('LOD', 1, 4)
6 6 10 1 [0, 0, 0, 0, 2, 1, 1, 35, 0, 2]
('STO', 0, 3)
7 6 9 1 [0, 0, 0, 0, 2, 1, 1, 35, 2]
('LOD', 1, 4)
8 6 10 1 [0, 0, 0, 0, 2, 1, 1, 35, 2, 2]
('LIT', 0, 1)
9 6 11 1 [0, 0, 0, 0, 2, 1, 1, 35, 2, 2, 1]
('OPR', 0, 'OPR_SUB')
10 6 10 1 [0, 0, 0, 0, 2, 1, 1, 35, 2, 1]
('STO', 1, 4)
11 6 9 1 [0, 0, 0, 0, 1, 1, 1, 35, 2]
('LOD', 1, 4)
12 6 10 1 [0, 0, 0, 0, 1, 1, 1, 35, 2, 1]
('LIT', 0, 0)
13 6 11 1 [0, 0, 0, 0, 1, 1, 1, 35, 2, 1, 0]
('OPR', 0, 'OPR_LSS')
14 6 10 1 [0, 0, 0, 0, 1, 1, 1, 35, 2, 0]
('JPC', 0, 19)
19 6 9 1 [0, 0, 0, 0, 1, 1, 1, 35, 2]
('LOD', 1, 4)
20 6 10 1 [0, 0, 0, 0, 1, 1, 1, 35, 2, 1]
('LIT', 0, 0)
21 6 11 1 [0, 0, 0, 0, 1, 1, 1, 35, 2, 1, 0]
('OPR', 0, 'OPR_EQL')
22 6 10 1 [0, 0, 0, 0, 1, 1, 1, 35, 2, 0]
('JPC', 0, 26)
26 6 9 1 [0, 0, 0, 0, 1, 1, 1, 35, 2]
('CAL', 1, 3)
3 10 9 2 [0, 0, 0, 0, 1, 1, 1, 35, 2]
('INC', 0, 3)
4 10 12 2 [0, 0, 0, 0, 1, 1, 1, 35, 2, 1, 6, 27]
('INC', 0, 1)
5 10 13 2 [0, 0, 0, 0, 1, 1, 1, 35, 2, 1, 6, 27, 0]
('LOD', 1, 4)
6 10 14 2 [0, 0, 0, 0, 1, 1, 1, 35, 2, 1, 6, 27, 0, 1]
('STO', 0, 3)
7 10 13 2 [0, 0, 0, 0, 1, 1, 1, 35, 2, 1, 6, 27, 1]
('LOD', 1, 4)
8 10 14 2 [0, 0, 0, 0, 1, 1, 1, 35, 2, 1, 6, 27, 1, 1]
('LIT', 0, 1)
9 10 15 2 [0, 0, 0, 0, 1, 1, 1, 35, 2, 1, 6, 27, 1, 1, 1]
('OPR', 0, 'OPR_SUB')
10 10 14 2 [0, 0, 0, 0, 1, 1, 1, 35, 2, 1, 6, 27, 1, 0]
('STO', 1, 4)
11 10 13 2 [0, 0, 0, 0, 0, 1, 1, 35, 2, 1, 6, 27, 1]
('LOD', 1, 4)
12 10 14 2 [0, 0, 0, 0, 0, 1, 1, 35, 2, 1, 6, 27, 1, 0]
('LIT', 0, 0)
13 10 15 2 [0, 0, 0, 0, 0, 1, 1, 35, 2, 1, 6, 27, 1, 0, 0]
('OPR', 0, 'OPR_LSS')
14 10 14 2 [0, 0, 0, 0, 0, 1, 1, 35, 2, 1, 6, 27, 1, 0]
('JPC', 0, 19)
19 10 13 2 [0, 0, 0, 0, 0, 1, 1, 35, 2, 1, 6, 27, 1]
('LOD', 1, 4)
20 10 14 2 [0, 0, 0, 0, 0, 1, 1, 35, 2, 1, 6, 27, 1, 0]
('LIT', 0, 0)
21 10 15 2 [0, 0, 0, 0, 0, 1, 1, 35, 2, 1, 6, 27, 1, 0, 0]
('OPR', 0, 'OPR_EQL')
22 10 14 2 [0, 0, 0, 0, 0, 1, 1, 35, 2, 1, 6, 27, 1, 1]
('JPC', 0, 26)
23 10 13 2 [0, 0, 0, 0, 0, 1, 1, 35, 2, 1, 6, 27, 1]
('LIT', 0, 1)
24 10 14 2 [0, 0, 0, 0, 0, 1, 1, 35, 2, 1, 6, 27, 1, 1]
('STO', 1, 3)
25 10 13 2 [0, 0, 0, 1, 0, 1, 1, 35, 2, 1, 6, 27, 1]
('JMP', 0, 27)
27 10 13 2 [0, 0, 0, 1, 0, 1, 1, 35, 2, 1, 6, 27, 1]
('LOD', 1, 3)
28 10 14 2 [0, 0, 0, 1, 0, 1, 1, 35, 2, 1, 6, 27, 1, 1]
('LOD', 0, 3)
29 10 15 2 [0, 0, 0, 1, 0, 1, 1, 35, 2, 1, 6, 27, 1, 1, 1]
('OPR', 0, 'OPR_MUL')
30 10 14 2 [0, 0, 0, 1, 0, 1, 1, 35, 2, 1, 6, 27, 1, 1]
('STO', 1, 3)
31 10 13 2 [0, 0, 0, 1, 0, 1, 1, 35, 2, 1, 6, 27, 1]
('OPR', 0, 'OPR_RET')
27 6 9 1 [0, 0, 0, 1, 0, 1, 1, 35, 2]
('LOD', 1, 3)
28 6 10 1 [0, 0, 0, 1, 0, 1, 1, 35, 2, 1]
('LOD', 0, 3)
29 6 11 1 [0, 0, 0, 1, 0, 1, 1, 35, 2, 1, 2]
('OPR', 0, 'OPR_MUL')
30 6 10 1 [0, 0, 0, 1, 0, 1, 1, 35, 2, 2]
('STO', 1, 3)
31 6 9 1 [0, 0, 0, 2, 0, 1, 1, 35, 2]
('OPR', 0, 'OPR_RET')
35 1 5 0 [0, 0, 0, 2, 0]
('LOD', 0, 3)
36 1 6 0 [0, 0, 0, 2, 0, 2]
('SIO_OUT', 0, 1)
37 1 6 0 [0, 0, 0, 2, 0, 2]
('OPR', 0, 'OPR_RET')
0 0 0 -1 []
